>AWWWWTTWWWWA	20-AWWWWTTWWWWA	8.283877	-23.433832	0	T:589.0(19.01%),B:6625.9(14.76%),P:1e-10
0.660	0.001	0.001	0.338
0.533	0.001	0.001	0.465
0.464	0.086	0.001	0.450
0.553	0.001	0.001	0.445
0.463	0.001	0.001	0.535
0.241	0.001	0.001	0.757
0.250	0.001	0.001	0.748
0.387	0.195	0.001	0.417
0.466	0.159	0.001	0.373
0.439	0.001	0.001	0.559
0.474	0.001	0.075	0.450
0.591	0.001	0.001	0.407
