>AACAACGTTGCC	9-GGCAACGTTGTT	9.782446	-73.494053	0	T:60.0(1.94%),B:113.3(0.25%),P:1e-31
0.815	0.030	0.050	0.105
0.882	0.033	0.052	0.033
0.049	0.768	0.134	0.049
0.917	0.033	0.033	0.017
0.700	0.066	0.185	0.049
0.049	0.721	0.111	0.119
0.052	0.001	0.849	0.098
0.065	0.049	0.001	0.885
0.033	0.033	0.033	0.901
0.049	0.033	0.869	0.049
0.049	0.836	0.049	0.066
0.054	0.864	0.049	0.033
