>CGCCARWGCACG	6-CGCCARWGCACG	11.190684	-86.258742	0	T:82.0(2.65%),B:187.4(0.42%),P:1e-37
0.139	0.559	0.066	0.236
0.166	0.057	0.690	0.087
0.173	0.693	0.053	0.081
0.182	0.717	0.001	0.100
0.848	0.048	0.087	0.017
0.329	0.188	0.441	0.043
0.431	0.068	0.052	0.449
0.121	0.070	0.709	0.100
0.154	0.619	0.092	0.135
0.785	0.061	0.070	0.084
0.135	0.595	0.048	0.222
0.187	0.057	0.682	0.074
