>ATCTGGCAACGT	10-ATCTGGCAACGT	9.365583	-69.528855	0	T:90.0(2.91%),B:288.6(0.64%),P:1e-30
0.863	0.020	0.078	0.039
0.179	0.122	0.059	0.640
0.099	0.700	0.059	0.142
0.058	0.079	0.001	0.862
0.019	0.001	0.922	0.058
0.048	0.020	0.893	0.039
0.030	0.950	0.001	0.019
0.979	0.001	0.019	0.001
0.869	0.001	0.020	0.110
0.020	0.870	0.047	0.063
0.134	0.118	0.708	0.040
0.049	0.116	0.086	0.749
