>GGAGGAGGAGGA	1-GGAGGAGGAGGA	7.537292	-122.137642	0	T:539.0(17.40%),B:3887.2(8.66%),P:1e-53
0.162	0.076	0.695	0.067
0.132	0.050	0.767	0.051
0.771	0.060	0.054	0.115
0.175	0.093	0.627	0.105
0.109	0.027	0.808	0.056
0.785	0.033	0.037	0.145
0.133	0.071	0.659	0.137
0.097	0.044	0.812	0.047
0.775	0.056	0.025	0.144
0.170	0.048	0.629	0.153
0.055	0.037	0.870	0.038
0.803	0.047	0.044	0.106
