>GATCGYGAGCGT	15-GATCGYGAGCGT,BestGuess:PB0140.1_Irf6_2/Jaspar(0.649)	9.235882	-39.538379	0	T:57.0(1.84%),B:205.8(0.46%),P:1e-17
0.103	0.051	0.845	0.001
0.948	0.026	0.001	0.025
0.182	0.001	0.160	0.657
0.001	0.917	0.057	0.025
0.025	0.001	0.973	0.001
0.231	0.385	0.086	0.299
0.025	0.051	0.923	0.001
0.949	0.001	0.025	0.025
0.145	0.103	0.567	0.185
0.052	0.881	0.041	0.026
0.026	0.051	0.897	0.026
0.146	0.001	0.230	0.623
