>MCATCTAAAAAG	17-CTTTTTAGATGK	11.682832	-30.970039	0	T:12.0(0.39%),B:6.6(0.01%),P:1e-13
0.505	0.475	0.001	0.019
0.347	0.633	0.019	0.001
0.922	0.001	0.019	0.058
0.019	0.053	0.344	0.584
0.053	0.841	0.053	0.053
0.019	0.001	0.029	0.951
0.847	0.114	0.001	0.038
0.587	0.355	0.001	0.057
0.798	0.144	0.019	0.039
0.569	0.038	0.392	0.001
0.740	0.001	0.034	0.225
0.076	0.111	0.540	0.273
