>ACGCTCRCGATC	15-GATCGYGAGCGT	9.235882	-39.538379	0	T:57.0(1.84%),B:205.8(0.46%),P:1e-17
0.623	0.230	0.001	0.146
0.026	0.897	0.051	0.026
0.026	0.041	0.881	0.052
0.185	0.567	0.103	0.145
0.025	0.025	0.001	0.949
0.001	0.923	0.051	0.025
0.299	0.086	0.385	0.231
0.001	0.973	0.001	0.025
0.025	0.057	0.917	0.001
0.657	0.160	0.001	0.182
0.025	0.001	0.026	0.948
0.001	0.845	0.051	0.103
