>CTTCTTCWTCTT	2-CTTCTTCWTCTT	8.921251	-121.613591	0	T:596.0(19.24%),B:4500.5(10.02%),P:1e-52
0.011	0.662	0.025	0.302
0.056	0.040	0.138	0.766
0.009	0.063	0.045	0.883
0.005	0.870	0.069	0.056
0.192	0.045	0.058	0.705
0.042	0.040	0.093	0.825
0.001	0.850	0.122	0.027
0.372	0.162	0.092	0.373
0.045	0.025	0.071	0.859
0.002	0.762	0.141	0.095
0.279	0.019	0.054	0.648
0.007	0.093	0.037	0.863
