>CCWCCACCACCA	12-CCWCCACCACCA	8.594174	-55.326592	0	T:188.0(6.07%),B:1183.6(2.64%),P:1e-24
0.107	0.666	0.001	0.226
0.006	0.763	0.126	0.105
0.431	0.017	0.160	0.392
0.049	0.893	0.001	0.057
0.001	0.919	0.074	0.006
0.674	0.019	0.177	0.130
0.024	0.879	0.038	0.059
0.001	0.798	0.182	0.019
0.781	0.048	0.155	0.016
0.023	0.873	0.067	0.037
0.017	0.776	0.184	0.023
0.824	0.037	0.018	0.121
