>AGAAGAAGAGCA	7-TGCTCTTCTTCT	8.031861	-84.070525	0	T:551.0(17.79%),B:4592.0(10.23%),P:1e-36
0.800	0.085	0.040	0.075
0.105	0.117	0.777	0.001
0.844	0.074	0.069	0.013
0.784	0.059	0.063	0.094
0.077	0.142	0.726	0.055
0.806	0.118	0.063	0.013
0.816	0.042	0.070	0.072
0.069	0.148	0.721	0.062
0.727	0.074	0.096	0.103
0.138	0.029	0.679	0.154
0.162	0.630	0.088	0.120
0.689	0.122	0.078	0.111
