>ATCATCTTCATC	3-ATCATCTTCATC	7.312625	-107.174797	0	T:611.0(19.72%),B:4880.5(10.87%),P:1e-46
0.704	0.093	0.070	0.133
0.105	0.079	0.094	0.722
0.071	0.774	0.078	0.077
0.744	0.073	0.074	0.109
0.083	0.071	0.092	0.754
0.060	0.769	0.054	0.117
0.117	0.055	0.075	0.753
0.055	0.075	0.071	0.799
0.049	0.794	0.067	0.090
0.698	0.073	0.092	0.137
0.112	0.066	0.087	0.735
0.056	0.757	0.076	0.111
