>VGAGGAGGAGGA	3-VGAGGAGGAGGA	5.653124	-91.024854	0	T:815.0(54.77%),B:17160.2(37.80%),P:1e-39
0.263	0.213	0.353	0.171
0.166	0.086	0.712	0.036
0.728	0.086	0.080	0.106
0.192	0.149	0.557	0.102
0.120	0.033	0.809	0.038
0.778	0.070	0.046	0.106
0.184	0.133	0.567	0.116
0.201	0.066	0.713	0.020
0.796	0.050	0.043	0.111
0.176	0.098	0.634	0.092
0.109	0.087	0.768	0.036
0.640	0.086	0.071	0.203
