>CGGCATCTTTGG	9-CGGCATCTTTGG	9.171018	-27.755235	0	T:40.0(2.69%),B:310.2(0.68%),P:1e-12
0.084	0.754	0.028	0.134
0.129	0.028	0.774	0.069
0.001	0.138	0.860	0.001
0.028	0.922	0.022	0.028
0.793	0.048	0.085	0.074
0.075	0.028	0.029	0.868
0.028	0.916	0.028	0.028
0.028	0.112	0.056	0.804
0.056	0.056	0.056	0.832
0.001	0.083	0.028	0.888
0.112	0.028	0.736	0.124
0.084	0.001	0.859	0.056
