>CCWCCDSCTCCT	2-CCWCCDSCTCCT,BestGuess:AT5G18450/MA1226.1/Jaspar(0.661)	5.684391	-99.293622	0	T:706.0(47.45%),B:13746.4(30.28%),P:1e-43
0.059	0.563	0.250	0.128
0.001	0.936	0.001	0.062
0.372	0.046	0.061	0.521
0.007	0.543	0.154	0.296
0.015	0.791	0.126	0.068
0.260	0.118	0.248	0.374
0.201	0.360	0.265	0.174
0.072	0.884	0.007	0.037
0.168	0.015	0.215	0.602
0.105	0.492	0.155	0.248
0.015	0.970	0.014	0.001
0.191	0.030	0.007	0.772
