>GTGTGTGTGTGT	19-GTGTGTGTGTGT,BestGuess:SeqBias: CA-repeat(0.879)	8.507993	-14.194552	0	T:121.0(8.13%),B:2327.3(5.13%),P:1e-6
0.006	0.052	0.848	0.094
0.212	0.015	0.050	0.723
0.001	0.043	0.768	0.188
0.141	0.045	0.047	0.767
0.001	0.001	0.954	0.044
0.070	0.089	0.001	0.840
0.015	0.001	0.755	0.229
0.037	0.094	0.035	0.834
0.028	0.018	0.802	0.152
0.048	0.042	0.070	0.840
0.108	0.027	0.581	0.284
0.043	0.151	0.001	0.805
