>DGADGADGADGA	1-TCHTCHTCHTCH	7.268885	-113.364150	0	T:374.0(25.13%),B:5130.0(11.30%),P:1e-49
0.261	0.174	0.352	0.213
0.251	0.036	0.692	0.021
0.632	0.032	0.069	0.267
0.272	0.157	0.328	0.244
0.315	0.031	0.629	0.025
0.597	0.071	0.077	0.255
0.295	0.140	0.335	0.230
0.171	0.027	0.768	0.034
0.674	0.049	0.043	0.234
0.331	0.147	0.286	0.236
0.291	0.046	0.640	0.023
0.556	0.155	0.111	0.178
