>TGTCTTGDTSCA	5-TGTCTTGDTSCA,BestGuess:ARF16/MA1688.1/Jaspar(0.704)	11.580139	-37.997057	0	T:8.0(0.54%),B:1.5(0.00%),P:1e-16
0.153	0.051	0.025	0.771
0.026	0.153	0.770	0.051
0.258	0.077	0.076	0.589
0.026	0.896	0.077	0.001
0.025	0.051	0.025	0.899
0.051	0.026	0.051	0.872
0.051	0.231	0.667	0.051
0.282	0.131	0.306	0.281
0.153	0.052	0.026	0.769
0.180	0.410	0.333	0.076
0.233	0.587	0.077	0.103
0.846	0.001	0.051	0.102
