>TGSAHCAAGACA	5-TGTCTTGDTSCA	11.580139	-37.997057	0	T:8.0(0.54%),B:1.5(0.00%),P:1e-16
0.102	0.051	0.001	0.846
0.103	0.077	0.587	0.233
0.076	0.333	0.410	0.180
0.769	0.026	0.052	0.153
0.281	0.306	0.131	0.282
0.051	0.667	0.231	0.051
0.872	0.051	0.026	0.051
0.899	0.025	0.051	0.025
0.001	0.077	0.896	0.026
0.589	0.076	0.077	0.258
0.051	0.770	0.153	0.026
0.771	0.025	0.051	0.153
