>ACTACTGCTGCT	23-ACTACTGCTGCT	9.346792	-11.579558	0	T:55.0(3.70%),B:887.6(1.95%),P:1e-5
0.757	0.029	0.088	0.126
0.058	0.850	0.020	0.072
0.130	0.153	0.049	0.668
0.723	0.029	0.219	0.029
0.029	0.855	0.058	0.058
0.001	0.028	0.001	0.970
0.107	0.029	0.863	0.001
0.046	0.871	0.031	0.052
0.029	0.001	0.029	0.941
0.029	0.029	0.884	0.058
0.029	0.839	0.058	0.074
0.087	0.045	0.087	0.781
