>ATTAATTAAATA	6-ATTAATTAAATA,BestGuess:PH0095.1_Lhx5/Jaspar(0.911)	7.146372	-32.475544	0	T:313.0(21.03%),B:6227.2(13.72%),P:1e-14
0.762	0.045	0.064	0.129
0.116	0.062	0.058	0.764
0.107	0.085	0.090	0.718
0.732	0.094	0.069	0.105
0.776	0.051	0.051	0.122
0.119	0.059	0.059	0.763
0.117	0.086	0.079	0.718
0.690	0.089	0.099	0.122
0.827	0.042	0.064	0.067
0.772	0.063	0.046	0.119
0.142	0.063	0.072	0.723
0.756	0.080	0.055	0.109
