>TTGGAATTCTTT	23-AAAGAATTCCAA	12.943627	-17.590397	0	T:7.0(0.17%),B:3.6(0.01%),P:1e-7
0.052	0.052	0.026	0.870
0.025	0.001	0.110	0.864
0.001	0.077	0.817	0.105
0.001	0.054	0.894	0.051
0.921	0.027	0.001	0.051
0.681	0.078	0.055	0.186
0.077	0.234	0.003	0.686
0.052	0.077	0.052	0.819
0.026	0.761	0.136	0.077
0.130	0.052	0.026	0.792
0.053	0.077	0.053	0.817
0.079	0.077	0.077	0.767
