>CWCCWCCACCWC	4-CWCCWCCACCWC	6.739935	-101.837922	0	T:674.0(16.09%),B:4083.9(9.23%),P:1e-44
0.035	0.654	0.153	0.158
0.427	0.001	0.148	0.424
0.004	0.773	0.030	0.193
0.044	0.864	0.091	0.001
0.485	0.002	0.122	0.391
0.025	0.939	0.001	0.035
0.002	0.746	0.197	0.055
0.570	0.016	0.145	0.269
0.058	0.641	0.051	0.250
0.001	0.806	0.178	0.015
0.465	0.047	0.171	0.317
0.053	0.638	0.121	0.188
