>CTTCGGCTTCTT	6-CTTCGGCTTCTT	7.195321	-89.707015	0	T:787.0(18.79%),B:5204.9(11.76%),P:1e-38
0.061	0.741	0.092	0.106
0.068	0.061	0.071	0.800
0.056	0.093	0.083	0.768
0.052	0.714	0.076	0.158
0.113	0.081	0.677	0.129
0.106	0.071	0.733	0.090
0.087	0.707	0.090	0.116
0.097	0.074	0.047	0.782
0.072	0.074	0.109	0.745
0.056	0.756	0.089	0.099
0.065	0.076	0.073	0.786
0.048	0.080	0.082	0.790
