>TAATTATTTTAA	12-TTAAAATAATTA	8.637473	-40.242787	0	T:537.0(12.82%),B:3897.1(8.81%),P:1e-17
0.209	0.069	0.011	0.711
0.690	0.072	0.050	0.188
0.814	0.026	0.001	0.159
0.101	0.036	0.028	0.835
0.084	0.037	0.073	0.806
0.780	0.035	0.027	0.158
0.066	0.053	0.016	0.865
0.083	0.001	0.015	0.901
0.048	0.002	0.025	0.925
0.064	0.053	0.065	0.818
0.683	0.061	0.039	0.217
0.658	0.050	0.082	0.210
