>GAWGANGAGGAH	1-GAWGANGAGGAH	7.044020	-138.837891	0	T:1311.0(31.30%),B:9061.4(20.48%),P:1e-60
0.044	0.041	0.891	0.024
0.846	0.045	0.061	0.048
0.365	0.198	0.179	0.259
0.057	0.047	0.890	0.006
0.873	0.048	0.033	0.046
0.296	0.207	0.269	0.228
0.067	0.014	0.910	0.009
0.893	0.045	0.021	0.041
0.219	0.028	0.469	0.284
0.041	0.038	0.885	0.036
0.877	0.044	0.023	0.056
0.290	0.331	0.098	0.281
