>GCAACGTTGCCA	16-TGGCAACGTTGC	9.221996	-31.949148	0	T:76.0(1.81%),B:289.3(0.65%),P:1e-13
0.062	0.085	0.821	0.032
0.001	0.881	0.059	0.059
0.844	0.001	0.092	0.063
0.796	0.079	0.066	0.059
0.047	0.795	0.077	0.081
0.075	0.016	0.846	0.063
0.079	0.091	0.079	0.751
0.079	0.016	0.063	0.842
0.001	0.001	0.983	0.015
0.047	0.785	0.057	0.111
0.091	0.782	0.032	0.095
0.874	0.015	0.001	0.110
