>CTGCCAAAGCTG	10-CTGCCAAAGCTG,BestGuess:Dof2/MA0020.1/Jaspar(0.675)	8.981862	-45.874597	0	T:98.0(2.34%),B:344.1(0.78%),P:1e-19
0.001	0.903	0.048	0.048
0.048	0.257	0.048	0.647
0.097	0.193	0.706	0.004
0.145	0.758	0.001	0.096
0.158	0.793	0.001	0.048
0.951	0.001	0.047	0.001
0.951	0.001	0.047	0.001
0.804	0.001	0.194	0.001
0.062	0.048	0.889	0.001
0.290	0.661	0.048	0.001
0.096	0.048	0.001	0.855
0.001	0.001	0.841	0.157
