>CAAGGACAAGGA	7-TCCTTGTCCTTG	7.023345	-75.129946	0	T:679.0(16.21%),B:4506.5(10.18%),P:1e-32
0.093	0.734	0.097	0.076
0.807	0.085	0.071	0.037
0.765	0.056	0.074	0.105
0.103	0.081	0.751	0.065
0.102	0.061	0.786	0.051
0.736	0.084	0.100	0.080
0.115	0.678	0.138	0.069
0.815	0.059	0.079	0.047
0.772	0.063	0.093	0.072
0.133	0.076	0.675	0.116
0.125	0.089	0.713	0.073
0.768	0.084	0.056	0.092
