>CAGCTTTGGCAG	10-CTGCCAAAGCTG	8.981862	-45.874597	0	T:98.0(2.34%),B:344.1(0.78%),P:1e-19
0.157	0.841	0.001	0.001
0.855	0.001	0.048	0.096
0.001	0.048	0.661	0.290
0.001	0.889	0.048	0.062
0.001	0.194	0.001	0.804
0.001	0.047	0.001	0.951
0.001	0.047	0.001	0.951
0.048	0.001	0.793	0.158
0.096	0.001	0.758	0.145
0.004	0.706	0.193	0.097
0.647	0.048	0.257	0.048
0.048	0.048	0.903	0.001
