>TTAAAATAATTA	12-TTAAAATAATTA,BestGuess:HuR(RRM)/Homo_sapiens-RNCMPT00032-PBM/HughesRNA(0.797)	8.637473	-40.242787	0	T:537.0(12.82%),B:3897.1(8.81%),P:1e-17
0.210	0.082	0.050	0.658
0.217	0.039	0.061	0.683
0.818	0.065	0.053	0.064
0.925	0.025	0.002	0.048
0.901	0.015	0.001	0.083
0.865	0.016	0.053	0.066
0.158	0.027	0.035	0.780
0.806	0.073	0.037	0.084
0.835	0.028	0.036	0.101
0.159	0.001	0.026	0.814
0.188	0.050	0.072	0.690
0.711	0.011	0.069	0.209
