>TCCTCATCTTCA	5-TCCTCATCTTCA	6.503646	-98.515384	0	T:1081.0(25.81%),B:7653.7(17.30%),P:1e-42
0.051	0.077	0.067	0.805
0.069	0.701	0.109	0.121
0.088	0.704	0.104	0.104
0.106	0.111	0.070	0.713
0.097	0.713	0.105	0.085
0.804	0.069	0.071	0.056
0.114	0.080	0.086	0.720
0.092	0.684	0.068	0.156
0.091	0.061	0.074	0.774
0.080	0.086	0.097	0.737
0.066	0.781	0.058	0.095
0.864	0.050	0.048	0.038
