>TCCTCCTCCTCC	1-TCCTCCTCCTCC,BestGuess:TF3A(C2H2)/col-TF3A-DAP-Seq(GSE60143)/Homer(0.799)	7.686601	-141.085145	0	T:439.0(30.01%),B:5988.9(13.31%),P:1e-61
0.180	0.006	0.013	0.801
0.038	0.827	0.017	0.118
0.274	0.521	0.026	0.179
0.306	0.017	0.009	0.668
0.077	0.797	0.009	0.117
0.163	0.564	0.072	0.201
0.230	0.026	0.011	0.733
0.022	0.753	0.017	0.208
0.247	0.493	0.051	0.210
0.262	0.004	0.017	0.717
0.058	0.746	0.013	0.183
0.148	0.554	0.085	0.213
