>GCACGCCARWGC	12-GCACGCCARWGC,BestGuess:NAC92/MA1044.1/Jaspar(0.747)	14.258950	-30.172296	0	T:16.0(1.09%),B:34.2(0.08%),P:1e-13
0.078	0.001	0.882	0.039
0.033	0.886	0.001	0.080
0.913	0.043	0.001	0.043
0.024	0.875	0.001	0.100
0.011	0.044	0.923	0.022
0.001	0.934	0.001	0.064
0.090	0.892	0.001	0.017
0.977	0.001	0.021	0.001
0.383	0.070	0.525	0.022
0.515	0.001	0.001	0.483
0.043	0.001	0.892	0.064
0.055	0.821	0.001	0.123
