>GGAGGAGGAGGA	1-TCCTCCTCCTCC	7.686601	-141.085145	0	T:439.0(30.01%),B:5988.9(13.31%),P:1e-61
0.213	0.085	0.554	0.148
0.183	0.013	0.746	0.058
0.717	0.017	0.004	0.262
0.210	0.051	0.493	0.247
0.208	0.017	0.753	0.022
0.733	0.011	0.026	0.230
0.201	0.072	0.564	0.163
0.117	0.009	0.797	0.077
0.668	0.009	0.017	0.306
0.179	0.026	0.521	0.274
0.118	0.017	0.827	0.038
0.801	0.013	0.006	0.180
