>TCGATCTCTTCC	11-TCGATCTCTTCC	9.598168	-31.215862	0	T:59.0(4.03%),B:567.9(1.26%),P:1e-13
0.056	0.093	0.075	0.776
0.045	0.813	0.071	0.071
0.032	0.108	0.809	0.051
0.835	0.034	0.047	0.084
0.032	0.072	0.024	0.872
0.050	0.793	0.072	0.085
0.075	0.018	0.001	0.906
0.019	0.887	0.019	0.075
0.001	0.078	0.075	0.846
0.019	0.019	0.019	0.943
0.056	0.823	0.001	0.120
0.138	0.700	0.038	0.124
