>CARTGCACGCCA	13-CARTGCACGCCA	11.672659	-29.948265	0	T:17.0(1.16%),B:41.4(0.09%),P:1e-13
0.083	0.915	0.001	0.001
0.946	0.001	0.052	0.001
0.444	0.110	0.419	0.026
0.270	0.001	0.001	0.728
0.079	0.021	0.781	0.119
0.001	0.784	0.047	0.168
0.895	0.026	0.026	0.053
0.047	0.806	0.001	0.146
0.052	0.001	0.874	0.073
0.026	0.929	0.001	0.044
0.026	0.955	0.001	0.018
0.973	0.025	0.001	0.001
