>CGCCARTGCACG	18-CGCCARTGCACG	14.277162	-26.348499	0	T:9.0(0.62%),B:7.4(0.02%),P:1e-11
0.015	0.903	0.001	0.081
0.023	0.023	0.931	0.023
0.001	0.948	0.022	0.029
0.090	0.887	0.001	0.022
0.932	0.022	0.045	0.001
0.467	0.080	0.415	0.038
0.404	0.001	0.001	0.594
0.045	0.001	0.837	0.117
0.052	0.861	0.001	0.086
0.954	0.001	0.001	0.044
0.001	0.805	0.001	0.193
0.063	0.001	0.935	0.001
