>CTTCTTCTTCTT	2-CTTCTTCTTCTT	6.742426	-126.565647	0	T:742.0(50.72%),B:13923.8(30.95%),P:1e-54
0.001	0.842	0.006	0.151
0.259	0.014	0.007	0.720
0.014	0.211	0.031	0.744
0.001	0.900	0.061	0.038
0.252	0.233	0.046	0.469
0.049	0.186	0.116	0.649
0.001	0.659	0.167	0.173
0.217	0.121	0.123	0.539
0.017	0.223	0.159	0.601
0.001	0.830	0.066	0.103
0.185	0.155	0.091	0.569
0.110	0.080	0.211	0.599
