>AAGATATGGAAG	12-CTTCCATATCTT	9.186188	-92.169976	0	T:238.0(4.81%),B:779.6(1.78%),P:1e-40
0.870	0.075	0.001	0.054
0.888	0.001	0.078	0.033
0.077	0.053	0.801	0.069
0.863	0.053	0.001	0.083
0.188	0.063	0.090	0.659
0.768	0.079	0.040	0.113
0.046	0.081	0.053	0.820
0.034	0.030	0.847	0.089
0.001	0.094	0.904	0.001
0.932	0.030	0.001	0.037
0.846	0.001	0.062	0.091
0.063	0.049	0.802	0.086
