>AATATTAAATTA	24-AATATTAAATTA	7.932941	-23.696074	0	T:745.0(15.05%),B:5235.5(11.96%),P:1e-10
0.889	0.043	0.018	0.050
0.747	0.041	0.016	0.196
0.244	0.093	0.032	0.631
0.672	0.050	0.060	0.218
0.203	0.027	0.078	0.692
0.173	0.026	0.053	0.748
0.701	0.126	0.033	0.140
0.810	0.069	0.013	0.108
0.759	0.062	0.041	0.138
0.110	0.050	0.025	0.815
0.162	0.070	0.074	0.694
0.733	0.082	0.037	0.148
