>CWCCWCCWCCWC	13-CWCCWCCWCCWC,BestGuess:AT5G18450/MA1226.1/Jaspar(0.762)	7.020144	-88.384942	0	T:580.0(11.72%),B:2906.4(6.64%),P:1e-38
0.076	0.622	0.146	0.156
0.472	0.001	0.073	0.454
0.072	0.774	0.075	0.079
0.081	0.722	0.109	0.088
0.492	0.007	0.062	0.440
0.001	0.905	0.088	0.006
0.049	0.687	0.134	0.130
0.416	0.001	0.160	0.424
0.003	0.860	0.008	0.129
0.070	0.690	0.136	0.104
0.413	0.081	0.174	0.332
0.027	0.757	0.091	0.125
