>GGTGGTGGTGGT	22-GGTGGTGGTGGT	5.167449	-37.055487	0	T:1396.0(28.20%),B:10127.7(23.14%),P:1e-16
0.123	0.090	0.665	0.122
0.127	0.122	0.600	0.151
0.103	0.093	0.080	0.724
0.096	0.084	0.689	0.131
0.135	0.112	0.602	0.151
0.117	0.086	0.081	0.716
0.101	0.087	0.691	0.121
0.123	0.116	0.614	0.147
0.115	0.086	0.077	0.722
0.096	0.097	0.668	0.139
0.126	0.118	0.624	0.132
0.123	0.097	0.095	0.685
