>ACGTTGCCAGAT	20-ATCTGGCAACGT	9.191971	-44.196803	0	T:98.0(1.98%),B:295.8(0.68%),P:1e-19
0.775	0.066	0.086	0.073
0.058	0.725	0.074	0.143
0.114	0.037	0.788	0.061
0.037	0.025	0.024	0.914
0.012	0.061	0.024	0.903
0.024	0.001	0.906	0.069
0.037	0.838	0.019	0.106
0.049	0.915	0.012	0.024
0.857	0.024	0.070	0.049
0.141	0.085	0.734	0.040
0.775	0.024	0.092	0.109
0.037	0.073	0.012	0.878
