>CTACACTGAACC	19-GGTTCAGTGTAG	11.090356	-47.799566	0	T:20.0(0.40%),B:7.5(0.02%),P:1e-20
0.081	0.713	0.081	0.125
0.137	0.066	0.071	0.726
0.710	0.079	0.088	0.123
0.090	0.745	0.078	0.087
0.819	0.062	0.058	0.061
0.107	0.723	0.078	0.092
0.067	0.084	0.086	0.763
0.052	0.065	0.815	0.068
0.852	0.057	0.055	0.036
0.784	0.045	0.079	0.092
0.138	0.654	0.101	0.107
0.120	0.697	0.101	0.082
