>AADGCMCCWGAA	7-AADGCMCCWGAA,BestGuess:hkb/dmmpmm(Pollard)/fly(0.696)	8.178636	-121.298010	0	T:330.0(6.67%),B:1115.0(2.55%),P:1e-52
0.685	0.001	0.296	0.018
0.885	0.009	0.009	0.097
0.341	0.009	0.353	0.296
0.084	0.028	0.735	0.153
0.028	0.930	0.019	0.023
0.269	0.351	0.181	0.199
0.009	0.621	0.342	0.028
0.290	0.626	0.075	0.009
0.360	0.185	0.084	0.371
0.046	0.018	0.935	0.001
0.889	0.027	0.001	0.083
0.676	0.009	0.306	0.009
