>AAAGCCAAGAAG	17-CTTCTTGGCTTT	8.962137	-53.942577	0	T:261.0(5.27%),B:1165.3(2.66%),P:1e-23
0.799	0.068	0.077	0.056
0.791	0.078	0.085	0.046
0.840	0.071	0.075	0.014
0.084	0.069	0.808	0.039
0.093	0.818	0.033	0.056
0.094	0.791	0.042	0.073
0.837	0.070	0.069	0.024
0.871	0.032	0.028	0.069
0.052	0.085	0.827	0.036
0.883	0.041	0.040	0.036
0.880	0.030	0.045	0.045
0.168	0.027	0.746	0.059
