>GWGGWGGWGGWG	13-CWCCWCCWCCWC	7.020144	-88.384942	0	T:580.0(11.72%),B:2906.4(6.64%),P:1e-38
0.125	0.091	0.757	0.027
0.332	0.174	0.081	0.413
0.104	0.136	0.690	0.070
0.129	0.008	0.860	0.003
0.424	0.160	0.001	0.416
0.130	0.134	0.687	0.049
0.006	0.088	0.905	0.001
0.440	0.062	0.007	0.492
0.088	0.109	0.722	0.081
0.079	0.075	0.774	0.072
0.454	0.073	0.001	0.472
0.156	0.146	0.622	0.076
