>GTTGCTGTTGTT	25-GTTGCTGTTGTT	9.705933	-13.640052	0	T:144.0(2.91%),B:838.6(1.92%),P:1e-5
0.077	0.080	0.777	0.066
0.058	0.099	0.015	0.828
0.043	0.050	0.089	0.818
0.043	0.058	0.813	0.086
0.077	0.908	0.001	0.014
0.111	0.043	0.086	0.760
0.080	0.066	0.792	0.062
0.044	0.053	0.009	0.894
0.026	0.082	0.011	0.881
0.057	0.076	0.841	0.026
0.076	0.041	0.009	0.874
0.045	0.044	0.051	0.860
