>CTTCTTGGCTTT	17-CTTCTTGGCTTT,BestGuess:ARF16/MA1688.1/Jaspar(0.684)	8.962137	-53.942577	0	T:261.0(5.27%),B:1165.3(2.66%),P:1e-23
0.059	0.746	0.027	0.168
0.045	0.045	0.030	0.880
0.036	0.040	0.041	0.883
0.036	0.827	0.085	0.052
0.069	0.028	0.032	0.871
0.024	0.069	0.070	0.837
0.073	0.042	0.791	0.094
0.056	0.033	0.818	0.093
0.039	0.808	0.069	0.084
0.014	0.075	0.071	0.840
0.046	0.085	0.078	0.791
0.056	0.077	0.068	0.799
