>TTGCTCTTCCTT	9-TTGCTCTTCCTT	9.187430	-104.018846	0	T:312.0(6.30%),B:1113.9(2.54%),P:1e-45
0.047	0.068	0.089	0.796
0.049	0.001	0.001	0.949
0.074	0.114	0.661	0.151
0.077	0.835	0.014	0.074
0.001	0.058	0.066	0.875
0.001	0.787	0.046	0.166
0.001	0.067	0.011	0.921
0.001	0.058	0.006	0.935
0.057	0.839	0.055	0.049
0.059	0.842	0.023	0.076
0.084	0.050	0.076	0.790
0.043	0.117	0.071	0.769
