>GYRGTGTARTAC	3-GYRGTGTARTAC	11.498655	-149.975652	0	T:118.0(2.38%),B:126.9(0.29%),P:1e-65
0.011	0.001	0.692	0.296
0.001	0.531	0.011	0.457
0.410	0.070	0.282	0.238
0.001	0.011	0.977	0.011
0.247	0.157	0.024	0.572
0.142	0.001	0.846	0.011
0.023	0.001	0.011	0.965
0.987	0.001	0.001	0.011
0.494	0.001	0.471	0.034
0.001	0.011	0.023	0.965
0.977	0.011	0.001	0.011
0.104	0.456	0.150	0.290
